Area_sqft,Bedrooms,Bathrooms,Distance_from_CityCenter_km,Age_of_House_years,Price
1660,2,1,18.0,1,4879802
2094,2,1,10.0,19,6232155
1930,4,1,11.7,2,5922656
1895,2,1,14.2,21,5620384
2438,2,2,3.6,12,7411254
2969,2,1,12.5,26,8831918
1266,4,2,11.3,6,3968981
2038,2,1,4.9,23,6159713
1130,3,2,18.9,4,3383306
2282,4,1,12.4,23,6872646
2935,3,1,14.2,11,8817843
930,4,2,17.7,24,2871601
2485,2,2,12.9,27,7472735
1569,3,2,6.6,17,4783371
2315,4,1,3.0,6,7160371
2015,1,2,9.7,24,5962049
1755,2,1,5.2,5,5314616
1984,4,1,8.9,20,6023932
1259,1,2,17.8,2,3684855
821,4,2,7.2,6,2650434
1547,1,1,3.3,22,4666694
1274,2,1,7.8,11,3845016
1882,3,2,18.2,16,5599400
2847,1,2,6.2,16,8549642
1775,4,2,13.3,1,5415151
2606,2,1,1.0,9,7921407
989,1,1,7.7,28,2930690
1362,4,1,6.8,27,4148499
2699,4,1,4.1,6,8230295
2067,4,1,11.1,16,6297040
2328,1,1,10.2,29,6866183
1446,1,2,14.2,3,4279299
2868,1,1,6.1,20,8545874
2097,3,1,5.6,28,6341711
1400,1,1,4.2,27,4139539
2861,1,2,5.2,4,8636351
1041,1,1,11.6,19,3060267
2841,3,1,8.7,26,8562354
2163,1,2,2.2,3,6523557
2939,4,1,5.8,19,8939360
2190,1,1,5.7,20,6585018
2278,4,1,14.2,7,6860200
1575,4,1,14.5,20,4788497
834,4,1,3.8,9,2672975
2755,3,2,20.0,1,8244357
2385,3,2,6.1,8,7315505
1821,3,2,19.6,7,5415869
1929,1,1,8.8,18,5754135
2300,4,1,1.6,8,7098108
1502,3,1,7.6,1,4652179
